2295349585
2295349627
2295357918
2295356856
2295345774
2295345581
2295346346
2295345044
2295341827
2295345297
2295339544
2295341202
2295340911
2295341259
2295339437
2295352761
2295353156
2295353151
2295353313
2295351413
2295350938
2295342812
2295344910
2295343034
2295343296
2295342658
2295343112
2295342440
2295344425
2295344377
2295340247
2295340152
2295340426
2295339653
2295340261
2295339672
2295348807
2295349221
2295348470
2295342624
2295343988
2295342837
2295342304
2295343342
2295339396
2295338967
2295338620
2295338809
